1000
ABCDEFGHIJ
0.02 0.96 0 0 0 0 0 0 0 0.02 
0 0.03 0 0 0 0 0 0 0.02 0.95 
0 0 0 0 0.03 0 0 0.07 0.9 0 
0 0 0.01 0.05 0.88 0 0 0.06 0 0 
0.02 0 0 0.02 0 0.01 0 0.03 0 0.92 
0 0 0 0.01 0 0 0.05 0 0 0.94 
0.84 0 0.02 0 0.05 0 0.08 0.01 0 0 
0 0 0 0 0.16 0.01 0 0.83 0 0 
0 0.84 0 0 0.08 0 0.08 0 0 0 
0 0.09 0 0 0.91 0 0 0 0 0 
0 0.08 0 0 0.81 0 0.03 0.08 0 0 
0 0 0 0 0 1 0 0 0 0 
0 0 0 0 0 0 0.04 0.96 0 0 
0 0 0 0 0 0.01 0 0 0 0.99 
0.03 0.97 0 0 0 0 0 0 0 0 
0 0 0 0 0 0 0.97 0 0.03 0 
0 0 0.04 0 0 0 0 0.96 0 0 
0 0.02 0 0 0 0.96 0 0 0 0.02 
0 0 0.02 0 0 0.07 0 0 0.01 0.9 
0.9 0 0 0.07 0.03 0 0 0 0 0 
0 0 0 0 0.97 0.02 0 0 0 0.01 
0 0.09 0 0 0 0 0 0 0.88 0.03 
0 0 0 0 0 1 0 0 0 0 
0.01 0 0 0.08 0 0 0.88 0 0.03 0 
0.01 0 0 0.02 0 0 0.04 0 0 0.93 
0 0.04 0 0 0.06 0.01 0.85 0.04 0 0 
0.03 0 0.97 0 0 0 0 0 0 0 
0 0.03 0.01 0 0 0.96 0 0 0 0 
0 0 0.92 0 0 0 0 0.08 0 0 
0 0.06 0 0 0 0 0.01 0 0.93 0 
0 0 0 0 0 0 0 0 0.01 0.99 
1 0 0 0 0 0 0 0 0 0 
0 0 0.02 0 0.05 0 0.93 0 0 0 
0.02 0 0 0 0.06 0.06 0.06 0 0.8 0 
0 0.04 0.02 0 0 0.94 0 0 0 0 
0.01 0 0 0 0.98 0.01 0 0 0 0 
0.09 0 0 0 0.01 0 0 0 0 0.9 
0.9 0 0.05 0 0 0 0 0.05 0 0 
0 0 0.01 0.07 0.92 0 0 0 0 0 
0.03 0.92 0 0 0 0 0.03 0 0 0.02 
0.89 0.02 0.02 0 0 0.01 0 0.06 0 0 
0 0 0 0.01 0.87 0 0 0.12 0 0 
0 0.95 0 0 0 0 0.01 0 0 0.04 
0 0.05 0 0 0 0 0 0.94 0 0.01 
0 0 0.91 0.01 0 0 0 0.07 0 0.01 
0.01 0 0 0.03 0.86 0 0 0 0.1 0 
0 0 0 0.97 0 0.03 0 0 0 0 
0 0 0.01 0 0 0 0.99 0 0 0 
0 0 0 0.06 0 0 0.94 0 0 0 
0 0 0 0 0.96 0.02 0 0 0 0.02 
0 0.08 0 0.89 0 0 0.03 0 0 0 
0.92 0 0 0.08 0 0 0 0 0 0 
0 0 0 0.98 0 0 0 0 0.02 0 
0.02 0 0 0 0 0.01 0.97 0 0 0 
0 0.97 0 0 0 0 0.03 0 0 0 
0 0 0 0.9 0 0 0 0.01 0.09 0 
0.01 0 0 0 0.05 0.07 0 0.87 0 0 
0 0 0 0.09 0.01 0 0.82 0 0.08 0 
0.95 0 0 0 0 0 0.02 0.03 0 0 
0 0.08 0 0.01 0.89 0 0.02 0 0 0 
0.01 0 0.01 0 0.97 0 0 0 0 0.01 
0 0.05 0 0.93 0.02 0 0 0 0 0 
0 0 0 0 0 0 0 0 0.97 0.03 
0.86 0.03 0 0 0.11 0 0 0 0 0 
0.02 0 0 0 0.93 0.05 0 0 0 0 
0 0 0.13 0 0 0 0 0 0.87 0 
0.07 0 0.02 0.9 0.01 0 0 0 0 0 
0 0 0 0.02 0 0 0 0 0.98 0 
0 0 0.99 0 0 0 0.01 0 0 0 
0 0 0 0 0 0.98 0.01 0.01 0 0 
0 0 0 0.01 0 0 0 0.99 0 0 
0 0 0 0 0 0.04 0.96 0 0 0 
0 0.93 0.06 0 0 0 0 0 0 0.01 
0 0 0 0 0 0.93 0 0 0 0.07 
0 0 0 0 0.01 0 0 0.99 0 0 
0 0.98 0 0 0 0 0.02 0 0 0 
0.02 0.07 0.01 0 0 0 0.02 0 0 0.88 
0 0 0 0 0 0 0.01 0 0 0.99 
0 0 0 0 0 0 0.99 0 0 0.01 
0 0 0 0.94 0 0 0.02 0.04 0 0 
0.02 0 0 0 0 0 0.02 0 0.96 0 
0.04 0.83 0.13 0 0 0 0 0 0 0 
0.99 0 0.01 0 0 0 0 0 0 0 
0 0 0 0 0 0.01 0.07 0 0 0.92 
0 0 0 0 1 0 0 0 0 0 
0 0 0.98 0 0 0.02 0 0 0 0 
0.13 0.01 0 0.03 0 0 0 0 0.83 0 
0.09 0 0 0 0.82 0.09 0 0 0 0 
0.01 0.02 0 0 0 0.97 0 0 0 0 
0 0.96 0 0.04 0 0 0 0 0 0 
0 0.89 0.04 0 0.05 0 0 0 0.02 0 
0 0 0.12 0 0.88 0 0 0 0 0 
0 0 0.9 0.07 0 0.03 0 0 0 0 
0 0.03 0 0 0 0.96 0.01 0 0 0 
0 0 0.02 0 0 0 0.02 0 0.08 0.88 
0 0.04 0 0 0 0 0.96 0 0 0 
0 0 0 0 0.89 0 0 0.11 0 0 
0.83 0 0 0 0 0 0.01 0 0.16 0 
0.88 0.05 0 0 0 0 0 0.01 0.03 0.03 
0.02 0 0 0.04 0.94 0 0 0 0 0 
0.04 0 0 0.95 0.01 0 0 0 0 0 
0 0 0.02 0.07 0 0.04 0 0.87 0 0 
0 0.99 0 0 0 0 0 0 0 0.01 
0.07 0 0.07 0 0.84 0 0 0 0.02 0 
0 0 0.98 0.02 0 0 0 0 0 0 
0 0.01 0 0.91 0 0 0 0 0 0.08 
0.83 0.01 0 0 0.16 0 0 0 0 0 
0 0 0 0 0 0.99 0.01 0 0 0 
0.02 0.95 0.01 0 0 0 0 0.01 0 0.01 
0.98 0.01 0 0 0 0 0 0 0.01 0 
0 0.8 0 0.04 0.01 0 0 0 0 0.15 
0 0.07 0 0.87 0 0.05 0.01 0 0 0 
0 0.16 0 0 0 0 0.82 0.02 0 0 
0.09 0 0 0.89 0.02 0 0 0 0 0 
0 0.01 0 0.97 0 0 0.01 0.01 0 0 
0 0 0 0 0 0 0.02 0.04 0.94 0 
0.02 0.03 0 0 0 0 0 0 0 0.95 
0.02 0 0 0.01 0 0.96 0 0 0.01 0 
0 0 0.07 0 0 0 0.02 0.05 0.86 0 
0 0 0 0.04 0 0 0 0 0.95 0.01 
0 0.01 0.82 0 0 0.13 0.04 0 0 0 
0 0 0 0 0 0 0.01 0.99 0 0 
0 0 0 0 0.9 0.01 0 0.06 0.01 0.02 
0 0 0.01 0 0 0.01 0.92 0 0.06 0 
0.96 0.01 0 0 0 0 0 0 0.03 0 
0.05 0.95 0 0 0 0 0 0 0 0 
0.99 0 0 0.01 0 0 0 0 0 0 
0.9 0 0 0 0.05 0.02 0.03 0 0 0 
0 0 0 0 0 1 0 0 0 0 
0 0 0 0 0 0 0 0.03 0 0.97 
0.93 0 0 0 0 0 0 0 0 0.07 
0 0.03 0 0.81 0 0.01 0.15 0 0 0 
0 0.84 0.14 0 0 0.01 0 0 0.01 0 
0.03 0 0 0 0 0 0 0.97 0 0 
0.01 0 0 0 0.04 0.95 0 0 0 0 
0 0 0.01 0 0.01 0.98 0 0 0 0 
0 0 0 0.04 0 0.89 0 0.07 0 0 
0 0.83 0.16 0 0 0 0 0 0.01 0 
0 0 0 0 0 0.11 0.81 0 0.08 0 
0 0 0 0 0.02 0.87 0 0.11 0 0 
0.01 0 0 0 0.97 0.02 0 0 0 0 
0.91 0 0 0 0 0 0 0 0.09 0 
0.85 0 0.01 0 0 0 0.03 0 0.11 0 
0 0.01 0 0 0 0 0 0 0 0.99 
0.04 0 0.87 0 0.04 0 0 0 0 0.05 
0 0 0 0.03 0 0.97 0 0 0 0 
0 0 0 0 0.01 0 0 0 0.98 0.01 
0 0 0.94 0.03 0.03 0 0 0 0 0 
0 0 0.87 0.03 0 0 0.1 0 0 0 
0.94 0 0 0 0 0 0 0.06 0 0 
0 0.01 0 0 0 0.86 0.12 0 0 0.01 
0 0.04 0.88 0 0 0 0.08 0 0 0 
0 0 0 0 0 0.95 0 0.05 0 0 
0 0 0.12 0.01 0.02 0 0 0.83 0 0.02 
0.02 0 0.8 0 0 0 0 0.18 0 0 
0 0 0 0 0 0 0 1 0 0 
0 0 0 0.86 0.01 0.05 0 0 0.08 0 
0.84 0 0 0 0.01 0 0 0.13 0.02 0 
0 0 0.9 0 0.06 0 0.04 0 0 0 
0 0.01 0 0 0 0 0 0 0.99 0 
0 1 0 0 0 0 0 0 0 0 
0 0 0 0 0.01 0 0.94 0 0.05 0 
0 0 0 0.13 0 0 0.87 0 0 0 
0 0 0 0.02 0 0.91 0 0.07 0 0 
0 0.8 0 0.2 0 0 0 0 0 0 
0.06 0 0.83 0 0 0 0.09 0 0 0.02 
0 0.94 0 0 0 0 0 0.06 0 0 
0 0 0.04 0 0 0 0.83 0.13 0 0 
0 0 0 0 0 0.04 0.91 0.05 0 0 
0.88 0 0.04 0.05 0 0.03 0 0 0 0 
0 0 0.01 0 0.96 0 0 0.03 0 0 
0 0 0.12 0 0 0 0 0.05 0 0.83 
0 0.84 0 0 0 0 0 0.03 0 0.13 
0.87 0 0.01 0 0 0 0.08 0.04 0 0 
0 0 0.03 0 0.07 0 0.87 0 0.03 0 
0 0 0 0 0 0 0.84 0.16 0 0 
0 0.9 0 0.03 0.07 0 0 0 0 0 
0 0 0.02 0.01 0 0 0.97 0 0 0 
0.08 0 0 0 0 0.04 0.81 0 0 0.07 
0.09 0.1 0 0 0 0 0.81 0 0 0 
0 0.02 0 0.96 0 0 0 0 0.02 0 
0 0.98 0 0 0 0 0.02 0 0 0 
0 0 0 0 0 0 0.05 0 0.95 0 
0 0 0.87 0.13 0 0 0 0 0 0 
0.01 0 0 0 0 0 0.99 0 0 0 
0.01 0 0 0 0 0 0 0.99 0 0 
0 0.02 0 0.8 0.15 0.03 0 0 0 0 
0.81 0.01 0 0.03 0.15 0 0 0 0 0 
0.99 0 0 0 0 0 0.01 0 0 0 
0 0.1 0.8 0 0 0 0 0 0 0.1 
0 0 0 0 0 0 0.08 0.03 0.88 0.01 
0 0 0 0 0.17 0.01 0 0 0 0.82 
0 0 0.01 0 0.14 0 0 0.85 0 0 
0.98 0 0 0 0 0 0.02 0 0 0 
0 0.06 0 0.89 0 0 0 0 0 0.05 
0 0 0.03 0 0 0 0.92 0 0.05 0 
0 0 0 0.15 0 0 0 0.02 0.83 0 
0 0.04 0 0.88 0 0 0 0.08 0 0 
0 0 0 0 0.96 0 0.04 0 0 0 
0.98 0 0 0 0 0 0.01 0.01 0 0 
0 0 0 0 0.96 0 0.02 0 0 0.02 
0 0 0 0.01 0.04 0 0 0 0.03 0.92 
0 1 0 0 0 0 0 0 0 0 
0.03 0.08 0 0 0.89 0 0 0 0 0 
0 0 0.01 0.94 0 0 0.05 0 0 0 
0 0.01 0 0 0.05 0.94 0 0 0 0 
0 0 0.05 0 0 0 0 0 0.11 0.84 
0 0 0 0.89 0.01 0 0.02 0 0 0.08 
0 0.84 0 0 0 0.14 0 0 0.02 0 
0 0 0 0.05 0 0 0 0.95 0 0 
0 0 0 0 0 0 0 0.95 0 0.05 
0 0 0 0 0 0 0 0 1 0 
0 0 0 0 0.01 0 0.04 0.13 0.82 0 
0 0 0 0 0.01 0 0 0.98 0 0.01 
0 0 0.01 0.97 0 0 0 0 0 0.02 
0 0.03 0.02 0.02 0.93 0 0 0 0 0 
0.01 0 0 0 0.06 0.93 0 0 0 0 
0 0 0.07 0 0 0.02 0.9 0 0.01 0 
0 0 0.05 0 0.01 0.02 0.82 0 0.1 0 
0 0 0 0 0 0 0.01 0.82 0.17 0 
0.06 0 0 0 0 0 0.84 0 0.07 0.03 
0 0 0 0 0.9 0.04 0.05 0 0 0.01 
0.02 0 0.04 0 0 0 0 0 0.92 0.02 
0.01 0 0.13 0 0 0 0.84 0 0 0.02 
0 0 0 0 0 0 0 0.01 0.99 0 
0.02 0.94 0 0 0 0 0.04 0 0 0 
0 0 0 0 0 0 0.01 0 0 0.99 
0 0.07 0 0 0 0 0.07 0 0.86 0 
0.01 0.03 0 0.89 0.03 0 0.04 0 0 0 
0 0.15 0 0.03 0 0 0 0 0.82 0 
0.82 0 0 0.13 0 0 0 0 0.05 0 
0.01 0.84 0 0.05 0 0 0 0 0.01 0.09 
0 0 0.87 0 0 0 0.01 0 0.12 0 
0 0.05 0 0 0 0 0.95 0 0 0 
0.02 0.01 0 0 0 0 0 0.82 0 0.15 
0.86 0.14 0 0 0 0 0 0 0 0 
0 0 0 0 0.02 0 0 0 0 0.98 
0 0 0.02 0.03 0.89 0 0 0 0 0.06 
0.03 0 0.05 0 0.08 0.84 0 0 0 0 
0 0 0 0 0 0.13 0 0.87 0 0 
0 0 0 0 0 0.84 0 0.02 0.03 0.11 
0 0.06 0.94 0 0 0 0 0 0 0 
0.09 0.09 0.8 0 0 0.01 0 0 0.01 0 
0 0 0 0 0.01 0 0 0.99 0 0 
0.98 0 0 0 0 0 0.02 0 0 0 
0 0.98 0 0 0 0 0.02 0 0 0 
0 0 0 0 1 0 0 0 0 0 
0 0 0 0.91 0 0.09 0 0 0 0 
0.95 0 0 0 0 0 0 0 0 0.05 
0 0 0.02 0 0 0 0.01 0.91 0.06 0 
0 0 0 0 0.19 0 0.8 0.01 0 0 
0 0.01 0 0.99 0 0 0 0 0 0 
0.87 0.03 0.09 0.01 0 0 0 0 0 0 
0.86 0 0.06 0 0 0 0 0 0.04 0.04 
0 0 0 0.04 0 0 0.96 0 0 0 
0 0 0 0 0 0.89 0.11 0 0 0 
0 0 0 0 0 0.11 0 0 0.89 0 
0 0 0 0 0 0 0.04 0.06 0 0.9 
0 0.92 0 0 0 0 0 0.08 0 0 
0 0 0 1 0 0 0 0 0 0 
0 0 0 0 0 0 0 0.02 0.98 0 
0 0 0 0.94 0 0.01 0.04 0 0 0.01 
0.01 0.96 0 0.01 0.02 0 0 0 0 0 
0 0 0 0 0 0.05 0 0 0 0.95 
0 0.85 0.14 0.01 0 0 0 0 0 0 
0 0 0 0.99 0 0 0 0.01 0 0 
0 0.02 0 0.98 0 0 0 0 0 0 
0 0 0.02 0 0 0 0 0 0.16 0.82 
0 0.01 0 0 0 0.06 0.88 0.05 0 0 
0.02 0 0 0 0 0 0 0.98 0 0 
0 0.13 0.83 0 0 0.04 0 0 0 0 
0 0.8 0 0 0 0 0 0 0.19 0.01 
0.02 0 0.02 0.08 0 0 0 0.81 0 0.07 
1 0 0 0 0 0 0 0 0 0 
0.01 0.97 0 0.02 0 0 0 0 0 0 
0.8 0.13 0 0.02 0 0 0 0.05 0 0 
0.02 0 0 0.81 0 0 0.02 0.15 0 0 
0.84 0 0 0 0.04 0 0.09 0 0.03 0 
0 0 0 0.03 0 0 0.13 0.84 0 0 
0.02 0.01 0.01 0 0 0.96 0 0 0 0 
0.91 0 0.09 0 0 0 0 0 0 0 
0 0.01 0 0 0 0 0.96 0 0.02 0.01 
0.95 0.03 0 0 0 0 0 0.02 0 0 
0 0 0 0 0 0 0 0 1 0 
0 0 0 0 0.86 0.13 0 0.01 0 0 
0 0.01 0.99 0 0 0 0 0 0 0 
0 1 0 0 0 0 0 0 0 0 
0 0 0 0 0 0.95 0 0 0 0.05 
0 0.02 0.01 0 0 0.01 0 0 0.12 0.84 
0 0 0 0 0.04 0 0.89 0.07 0 0 
0 0.98 0 0.01 0 0 0 0 0.01 0 
0 0 0 0 0 0.95 0.05 0 0 0 
0 0 0 0 0 0 0.02 0.98 0 0 
0 0 0 0 0 0.05 0 0.01 0 0.94 
0 0 0.04 0 0 0 0 0 0.96 0 
0 0 0.01 0.04 0.83 0.11 0.01 0 0 0 
0.95 0 0 0.01 0 0.02 0 0 0 0.02 
0 0 0 0 0.97 0 0.01 0.01 0.01 0 
0 0 0 0 0 0 1 0 0 0 
0 0.16 0 0 0 0 0 0.83 0.01 0 
0.01 0 0 0 0 0 0 0.01 0 0.98 
0.06 0.87 0 0 0 0 0.07 0 0 0 
0 0.01 0 0 0 0 0 0 0.17 0.82 
0 0.01 0 0.92 0 0 0.06 0 0 0.01 
0.02 0 0 0 0 0 0 0.92 0.03 0.03 
0 0.96 0 0 0 0 0 0.02 0.02 0 
0 0 0.03 0 0.96 0.01 0 0 0 0 
0 0 0.05 0 0 0 0.02 0 0.92 0.01 
0 0 0 0.02 0 0.96 0.02 0 0 0 
0.04 0 0 0 0.9 0.02 0 0.04 0 0 
0 0.07 0 0.93 0 0 0 0 0 0 
0 0 0.1 0.01 0 0.01 0.82 0.06 0 0 
0 0.82 0.03 0.06 0.09 0 0 0 0 0 
0 0 0.94 0 0.01 0 0 0 0.05 0 
0 0.01 0 0.89 0.01 0.09 0 0 0 0 
0 0 0 0.01 0.99 0 0 0 0 0 
0 0.09 0 0 0.89 0 0 0 0.02 0 
0 0 0.14 0 0 0 0 0.86 0 0 
0 0 0 0 0.06 0 0 0.94 0 0 
0 0 0 0.99 0.01 0 0 0 0 0 
0 0 0 0 0 0 0 0.08 0 0.92 
0 0 0 0 0 0 0 0 1 0 
0 0 0 0.93 0 0 0 0 0.05 0.02 
0 0 0.02 0 0 0.86 0.11 0.01 0 0 
0 0 0 0 0 1 0 0 0 0 
0 0 0.08 0 0 0.01 0.84 0 0 0.07 
0.05 0 0.02 0.01 0.89 0 0.03 0 0 0 
0 0 0 0 0.91 0 0 0.01 0.08 0 
0 0.04 0 0 0.04 0 0.91 0 0.01 0 
0 0.97 0 0 0 0 0.01 0.02 0 0 
0 0 0.01 0 0.06 0 0 0 0 0.93 
0 0 0.01 0.01 0.94 0.01 0 0.03 0 0 
0.12 0 0.02 0 0 0 0 0 0.01 0.85 
0 0 0 1 0 0 0 0 0 0 
0 0.09 0.09 0.02 0 0 0 0.8 0 0 
0 0 0 0 0 0.81 0 0 0.05 0.14 
0.02 0 0 0.93 0.04 0 0 0.01 0 0 
0.97 0 0.03 0 0 0 0 0 0 0 
0 0 0 0 0 0 0 0 1 0 
0.92 0 0 0.07 0 0.01 0 0 0 0 
0 0 0.04 0.88 0 0.01 0.07 0 0 0 
0 0 0 0.94 0.03 0 0.03 0 0 0 
0 0 0.08 0.01 0.05 0.03 0.83 0 0 0 
0 0 0 0 0 0 1 0 0 0 
0 0 0 0.05 0.94 0 0 0 0 0.01 
0 0 0 0.13 0 0 0 0.85 0 0.02 
0 0.01 0.98 0 0 0 0 0 0 0.01 
0 0 0.01 0 0.93 0 0 0.06 0 0 
0.93 0 0 0 0.01 0 0 0 0.01 0.05 
0.01 0 0 0.01 0.94 0 0 0.04 0 0 
0.08 0 0 0 0.9 0.01 0 0 0 0.01 
0.13 0 0.87 0 0 0 0 0 0 0 
0.12 0.01 0.01 0 0 0 0 0.86 0 0 
0 0 0.06 0.01 0 0 0.91 0 0.02 0 
0.12 0 0.8 0 0 0 0 0 0 0.08 
0.09 0 0 0.87 0 0 0 0.01 0.03 0 
0 0 0 0 0 0.02 0.8 0.03 0 0.15 
0.94 0 0 0.05 0 0 0 0.01 0 0 
0 0 0 0 0 0 0 0 0.17 0.83 
0.8 0.13 0 0 0 0.05 0.02 0 0 0 
0 0 0.96 0 0 0.01 0 0 0 0.03 
0 0 0.06 0 0 0.88 0 0 0.06 0 
0.03 0.01 0 0 0 0 0 0.91 0 0.05 
0 0 0 0 0 0 0 0 0.01 0.99 
0.95 0 0.03 0 0 0 0 0 0 0.02 
0 0.03 0 0 0.06 0.03 0 0.83 0.05 0 
0 0 0.05 0 0.86 0 0 0 0 0.09 
0 0 0.88 0 0.09 0 0 0.02 0.01 0 
0 0.94 0.01 0.01 0 0 0 0 0 0.04 
0 0.09 0 0 0 0.87 0.04 0 0 0 
0 0 0 0 0 0.98 0 0 0 0.02 
0.01 0.01 0.87 0 0.06 0 0 0.05 0 0 
0.1 0 0 0 0 0 0.04 0 0 0.86 
0.02 0 0 0 0.05 0.9 0 0.03 0 0 
0 0.01 0 0 0 0 0 0 0 0.99 
0 0.01 0 0.05 0 0 0 0 0.94 0 
0 0 0 0.01 0 0 0 0 0.99 0 
0 0 0 0 0 0 0 0.01 0.99 0 
0 0 0.86 0 0 0.03 0 0 0.11 0 
0.91 0 0 0 0.09 0 0 0 0 0 
0 0 0.1 0 0 0 0 0.9 0 0 
0 0 0 0 0 1 0 0 0 0 
0.01 0 0 0 0.85 0 0.14 0 0 0 
0.8 0.04 0.03 0 0 0 0 0.13 0 0 
0.02 0 0 0.87 0 0 0 0 0.11 0 
0 0 0 0.82 0 0.01 0 0 0 0.17 
0 0 0 0.98 0 0.02 0 0 0 0 
0 0 0.01 0.08 0 0 0.91 0 0 0 
0 0.01 0 0 0 0 0 0 0.99 0 
0.02 0 0.07 0 0 0 0.03 0 0.88 0 
0 0.83 0 0.15 0 0 0 0.01 0 0.01 
0 0.98 0 0 0 0 0.02 0 0 0 
0.03 0 0 0.11 0 0.86 0 0 0 0 
0 0.08 0 0.92 0 0 0 0 0 0 
0 0 0 0 1 0 0 0 0 0 
0 0 0 0 0 0.02 0.91 0 0.07 0 
0 0 0 0.04 0.15 0 0.81 0 0 0 
0 0 0 0 0.95 0 0 0 0 0.05 
0.01 0 0 0.96 0 0 0.03 0 0 0 
0.01 0 0 0 0.99 0 0 0 0 0 
0 0 0 0 0.91 0.02 0 0.07 0 0 
0 0.08 0 0 0 0.92 0 0 0 0 
0 0 0 0.18 0 0 0 0.82 0 0 
0 0 0 0 0.97 0 0.01 0 0.02 0 
0 0 0 0 0.83 0 0 0.17 0 0 
0 0 0 0 0 0.09 0 0.02 0.89 0 
0.91 0 0.07 0 0 0.02 0 0 0 0 
0 0 0 0 0 0 0.04 0 0.96 0 
0 0 0 0.01 0.99 0 0 0 0 0 
0 0.06 0.04 0 0 0.83 0 0.06 0.01 0 
0 0 0 0 0.95 0 0 0.05 0 0 
0 0.01 0 0 0.99 0 0 0 0 0 
0 0 0 0 0 0.83 0 0.16 0 0.01 
0 0 0 0 0 0 1 0 0 0 
0 0.1 0 0 0 0.08 0.82 0 0 0 
0 0 0 0.01 0 0 0 0.99 0 0 
0.89 0 0 0.01 0.1 0 0 0 0 0 
0.89 0 0 0.05 0 0.05 0 0.01 0 0 
0 0.85 0.03 0.07 0 0.02 0.03 0 0 0 
0.06 0 0.87 0 0 0.07 0 0 0 0 
0 0.02 0 0 0 0.1 0.88 0 0 0 
0 0.01 0 0 0.94 0 0.02 0.03 0 0 
0 0 0 0 0 0 0.99 0 0 0.01 
0 0 0.05 0 0.11 0.82 0 0 0.02 0 
0 0 0 0 0 0.08 0.8 0 0.03 0.09 
0.86 0.02 0 0 0 0.01 0 0 0 0.11 
0.01 0 0 0.01 0 0 0 0.98 0 0 
0 0 0 0 0 0 0 0.05 0 0.95 
0 0.02 0 0 0 0 0.98 0 0 0 
0 0 0 0 0 0.87 0.07 0.06 0 0 
0.84 0 0 0 0.06 0.1 0 0 0 0 
0.98 0 0.01 0 0 0.01 0 0 0 0 
0 0 0.07 0 0.05 0 0.03 0.84 0 0.01 
0 0 0 0 0 0 0.09 0 0 0.91 
0 0 0 0 0.09 0 0 0 0.02 0.89 
0.04 0.88 0 0 0 0.02 0 0 0 0.06 
0 0 0 0 0 0 0.02 0.98 0 0 
0 0 0 0 0 0 1 0 0 0 
0 0 0 0.02 0 0 0 0 0.98 0 
0 0 0 1 0 0 0 0 0 0 
0.09 0 0 0 0 0.88 0 0 0.03 0 
0 0 0 0 0 0 0.97 0 0 0.03 
0 0.81 0 0.18 0 0 0 0 0.01 0 
0 0 0.81 0 0 0.04 0 0.15 0 0 
0 0 0 0.94 0 0.04 0 0 0 0.02 
0 0.05 0 0 0 0.01 0 0.94 0 0 
0 0 0 0 0.03 0.12 0.8 0.01 0 0.04 
0 0 0 0 0.05 0 0.04 0 0 0.91 
0 0 0 0.02 0 0 0.04 0 0 0.94 
0 0.85 0.04 0.01 0 0 0 0 0.1 0 
0 0.93 0 0.01 0 0.01 0.05 0 0 0 
0 0.91 0 0 0 0.05 0 0 0 0.04 
0 0 0.92 0 0 0 0 0 0.08 0 
0 1 0 0 0 0 0 0 0 0 
0 0 0.05 0.93 0 0.02 0 0 0 0 
0 0.87 0.03 0.05 0.05 0 0 0 0 0 
0 0 0 0 0 0 0 0.18 0 0.82 
0.02 0 0.07 0.83 0 0.01 0 0 0 0.07 
0 0 0 0 0.04 0.9 0.06 0 0 0 
0 0 0 0 0 0.88 0 0.08 0.04 0 
0 0 0.95 0.02 0 0 0 0 0 0.03 
0.96 0 0 0 0 0 0 0.04 0 0 
0 0 0.02 0 0.98 0 0 0 0 0 
0.03 0 0.02 0.01 0 0.01 0.93 0 0 0 
0.01 0.92 0 0 0.06 0.01 0 0 0 0 
0 0.08 0 0 0 0 0 0.02 0.04 0.86 
0 0.01 0.05 0.03 0.89 0.02 0 0 0 0 
0.03 0 0 0 0.01 0 0 0.8 0.16 0 
0 0 0.02 0 0 0 0 0 0.87 0.11 
0 0.92 0 0 0 0.08 0 0 0 0 
0.83 0 0 0 0 0.02 0 0.06 0.09 0 
0 0 0 0.02 0 0 0.97 0 0.01 0 
0 0.01 0 0.98 0 0 0.01 0 0 0 
0.07 0.02 0 0 0 0.02 0.07 0 0.82 0 
0 0 0 0 0 0.02 0.07 0 0.91 0 
0 0.05 0.89 0 0 0 0 0.01 0.05 0 
0.01 0 0 0 0.89 0 0 0 0.1 0 
0.06 0.03 0.01 0 0 0.02 0 0 0 0.88 
0.96 0.04 0 0 0 0 0 0 0 0 
0 0.04 0 0 0 0 0.96 0 0 0 
0 0 0 0 0 0 0.04 0 0 0.96 
0 0 0 0 0.95 0 0 0 0.05 0 
0 0 0 0 0 0.92 0 0 0.06 0.02 
0 0.81 0 0 0 0.05 0 0 0 0.14 
0.07 0 0 0 0 0 0 0.03 0.9 0 
0 0 0 0.07 0 0.01 0.92 0 0 0 
0 0.92 0.01 0 0 0 0 0 0 0.07 
0 0 0.95 0 0 0 0.02 0.03 0 0 
0 0.88 0 0 0 0 0 0 0.12 0 
0 0.94 0 0 0 0.06 0 0 0 0 
0 0.09 0 0.86 0 0 0 0 0 0.05 
0 0 0 0.09 0 0 0 0.91 0 0 
0 0.03 0 0 0.94 0 0 0 0.03 0 
0 0 0 0 0 0 0.99 0.01 0 0 
0 0 0 0.02 0 0.02 0 0 0 0.96 
0 0.01 0 0 0 0 0 0 0.99 0 
0.08 0 0.02 0 0.86 0 0.04 0 0 0 
0 0 0 0 0.01 0 0 0 0.99 0 
0 0.84 0.02 0 0 0.13 0 0 0 0.01 
0 0 0.05 0 0 0.07 0 0.88 0 0 
0 0 0 0.95 0.05 0 0 0 0 0 
0 0 0 0 0 0 0.91 0 0 0.09 
0 0.02 0.01 0 0.03 0 0 0 0.91 0.03 
0.11 0 0 0.07 0 0 0 0.82 0 0 
0.98 0 0 0 0.02 0 0 0 0 0 
0 0 0.02 0 0 0.91 0 0 0 0.07 
0 0 0.8 0.19 0.01 0 0 0 0 0 
0 0 0 0 0 0 0 0 1 0 
0.02 0 0 0.05 0 0 0 0 0.93 0 
0 0.95 0.04 0 0 0 0 0.01 0 0 
0 0.01 0 0.91 0.02 0 0 0 0 0.06 
0.85 0 0 0.03 0 0 0.01 0.11 0 0 
0 0 0 0.17 0 0.01 0 0 0.82 0 
0 0.18 0 0 0 0 0 0 0.82 0 
0 0 0 0.01 0.11 0 0 0.87 0 0.01 
0 0.01 0.94 0 0.01 0 0 0.01 0 0.03 
0 0 0 0 0.03 0 0 0.94 0 0.03 
0 0 0 0 0 0 0 0 0 1 
0.86 0 0 0 0.05 0 0.09 0 0 0 
0 0 0 0 0.01 0.97 0.02 0 0 0 
0.11 0 0.81 0 0.05 0.03 0 0 0 0 
0 0.99 0 0.01 0 0 0 0 0 0 
0 0 0 0 0 0 0 0.96 0.04 0 
0 0 0 0 0 0 0 0 1 0 
0 0.97 0 0.01 0 0.01 0.01 0 0 0 
0 0 0.04 0 0 0 0.03 0 0.02 0.91 
0.01 0.89 0 0.06 0 0 0 0.04 0 0 
0.02 0 0 0 0 0 0.08 0.9 0 0 
0.16 0 0 0 0 0.84 0 0 0 0 
0 0 0.92 0.04 0.01 0 0 0 0.03 0 
0 0 0 0 0.03 0.01 0.16 0 0 0.8 
0.05 0 0.01 0 0.07 0 0 0 0 0.87 
0 0 0 0 0 1 0 0 0 0 
0 0 0 0.12 0 0.88 0 0 0 0 
0 0 0 0.03 0.01 0.96 0 0 0 0 
0.03 0.89 0 0 0.03 0.03 0 0 0.02 0 
0 0.9 0 0 0 0.1 0 0 0 0 
0.01 0 0.02 0 0 0 0.05 0.06 0.86 0 
0 0 0 0 0 0.87 0 0.11 0 0.02 
0 0.08 0.02 0 0 0 0.9 0 0 0 
0 0 0.02 0.03 0 0 0 0 0.94 0.01 
0.01 0 0.93 0.02 0 0.03 0 0.01 0 0 
0 0.03 0.91 0 0 0.03 0 0.03 0 0 
0 0.88 0 0 0 0.1 0 0.01 0.01 0 
0 0 0 0.01 0 0 0.98 0.01 0 0 
0.03 0 0 0 0 0 0 0 0.97 0 
0 0 0 0 0 0 1 0 0 0 
0 0.81 0.18 0 0 0.01 0 0 0 0 
0 0.95 0.02 0 0 0 0.02 0 0.01 0 
0.04 0 0 0 0.04 0.03 0 0.84 0 0.05 
0 0.09 0.89 0 0 0.02 0 0 0 0 
0 0 0.02 0.03 0 0 0 0 0.89 0.06 
0.01 0 0.03 0 0 0 0.02 0 0.94 0 
0 0 0.8 0 0 0 0 0.04 0 0.16 
0.11 0.02 0 0 0 0 0 0.82 0 0.05 
0 0 0 0 1 0 0 0 0 0 
1 0 0 0 0 0 0 0 0 0 
0.1 0 0 0 0 0.02 0.01 0.86 0.01 0 
0 0 0.03 0.96 0 0 0.01 0 0 0 
0.14 0 0.02 0 0 0 0.84 0 0 0 
0.06 0.05 0 0 0 0 0 0.81 0.01 0.07 
0 0.13 0.01 0 0 0 0 0.86 0 0 
0 0 0 0 0 0.99 0 0.01 0 0 
0 0 0 0.89 0.02 0 0 0 0.09 0 
0.01 0 0 0 0 0.06 0 0 0 0.93 
0 0 0.03 0 0.89 0.01 0 0 0.07 0 
0.91 0 0 0.02 0 0 0.07 0 0 0 
0 0.94 0 0 0 0.01 0 0.03 0.02 0 
0 0 0.97 0 0 0 0.02 0 0 0.01 
0 0.92 0.03 0 0 0 0 0.03 0 0.02 
0 0 0 0 1 0 0 0 0 0 
0 0 0 0.05 0.06 0.89 0 0 0 0 
0 0.01 0 0.9 0 0 0 0.09 0 0 
0 0 0 0.95 0 0 0 0.05 0 0 
0.93 0 0 0.04 0 0 0.01 0 0.02 0 
0.11 0 0 0 0.83 0 0 0.01 0.05 0 
0 0 0 0 0 0 0 1 0 0 
0 0 0 0 0.87 0.11 0 0 0 0.02 
0.9 0.02 0 0 0 0 0 0 0.08 0 
0 0 0 0 0 0.03 0.01 0 0.96 0 
0 0 0 0.91 0.05 0.01 0 0.03 0 0 
0.01 0 0 0.98 0 0 0 0 0 0.01 
0.03 0.07 0 0.9 0 0 0 0 0 0 
0 0 0.02 0 0 0 0.17 0 0.81 0 
0 0.04 0 0 0.07 0 0 0.04 0 0.85 
0 0 1 0 0 0 0 0 0 0 
0.89 0 0.06 0 0.05 0 0 0 0 0 
0 0 0.05 0.01 0 0 0 0 0 0.94 
0 0 0.12 0 0 0 0.88 0 0 0 
0 0.01 0.13 0 0 0.83 0 0.03 0 0 
0 0.02 0.88 0 0.08 0 0 0 0.02 0 
0 0 0 0 0 0 0.2 0.8 0 0 
0 0.95 0.01 0 0.03 0 0 0 0 0.01 
0.01 0 0 0 0.98 0.01 0 0 0 0 
0 0.98 0 0 0 0 0 0 0.02 0 
0 0 0 0.05 0.87 0 0.02 0.03 0 0.03 
0 0.82 0 0 0.01 0.08 0.03 0 0.06 0 
0.9 0.09 0 0.01 0 0 0 0 0 0 
0.08 0 0 0 0.92 0 0 0 0 0 
0 0 0 0 0.04 0 0 0.03 0 0.93 
0 0.07 0 0 0 0 0.88 0 0.05 0 
0 0 0.86 0 0.01 0 0.13 0 0 0 
0 0.02 0 0 0.03 0 0.82 0 0.13 0 
0 0.12 0 0.88 0 0 0 0 0 0 
0.8 0.2 0 0 0 0 0 0 0 0 
0.91 0 0 0.01 0 0.08 0 0 0 0 
0.02 0 0 0.04 0 0.12 0 0.82 0 0 
0 0 0 0 0 0 0.87 0 0 0.13 
0 0.95 0 0 0.01 0 0.03 0.01 0 0 
0 0 0 0 0 0 0 0 0.02 0.98 
0 0.8 0.1 0.01 0 0.09 0 0 0 0 
0 0 0 0.92 0 0 0 0.06 0 0.02 
0.02 0 0 0 0.1 0 0 0.86 0.02 0 
0 0.03 0.02 0 0.93 0 0 0.02 0 0 
0 0.14 0 0 0 0.82 0.04 0 0 0 
0 0 0.98 0 0 0 0 0.01 0 0.01 
0 0 0 0.9 0.05 0 0 0.03 0 0.02 
0 0 0 0 0 0.01 0.96 0 0.03 0 
0 0 0 0 0 0 0 0.03 0.94 0.03 
0 0 0.03 0 0 0.02 0.08 0.87 0 0 
0.08 0 0 0.87 0 0 0.05 0 0 0 
0.06 0 0.12 0 0 0 0 0.82 0 0 
0.05 0.89 0 0 0 0 0 0 0.06 0 
0 0 0 0 0 0.02 0 0 0 0.98 
0.01 0 0 0.98 0 0 0.01 0 0 0 
0.85 0 0 0.01 0 0.14 0 0 0 0 
0 0 0 0.06 0 0 0 0 0.9 0.04 
0 0 0.03 0.97 0 0 0 0 0 0 
0 0 0 0 0 0.99 0 0 0 0.01 
0.04 0.87 0 0.07 0 0.02 0 0 0 0 
0.97 0 0.03 0 0 0 0 0 0 0 
0 0 0 0 0 0.97 0.03 0 0 0 
0.97 0 0 0 0 0 0 0.03 0 0 
0 0 0.01 0 0.12 0 0 0 0 0.87 
0 0.85 0 0 0 0 0 0 0.01 0.14 
0 0 0 0.99 0 0 0.01 0 0 0 
0 0 0.12 0 0 0 0.03 0.01 0 0.84 
0.03 0 0 0 0.01 0 0 0.07 0.86 0.03 
0 0 0 0.02 0 0.06 0 0.8 0 0.12 
0 0 0.01 0.06 0 0.05 0 0 0 0.88 
0 0.96 0 0 0.01 0 0 0 0.03 0 
0 0 0.03 0 0.04 0 0 0 0 0.93 
0 0 1 0 0 0 0 0 0 0 
0.04 0.01 0 0 0 0 0.01 0 0.01 0.93 
0 0 0.01 0 0 0 0 0 0 0.99 
0.99 0 0 0.01 0 0 0 0 0 0 
0 0.05 0.94 0 0 0.01 0 0 0 0 
0 0 0 0 0 0 0.04 0 0 0.96 
0 0 0 1 0 0 0 0 0 0 
0 0 0 0 0 0.12 0 0 0 0.88 
0 0 0 0.93 0 0.01 0 0.06 0 0 
0.85 0 0 0 0.02 0 0.02 0 0.04 0.07 
0 0.96 0 0 0 0 0 0.02 0.02 0 
0.03 0 0 0.95 0 0 0 0 0.02 0 
0 0 0.2 0 0.8 0 0 0 0 0 
0 0 0 0 0.2 0 0.8 0 0 0 
0 0 0.97 0 0 0 0.03 0 0 0 
0.05 0 0 0 0 0 0 0.05 0 0.9 
0 0 0 0.03 0.01 0 0 0.94 0 0.02 
0.06 0.02 0 0 0 0 0.89 0 0.03 0 
0.14 0.82 0.01 0 0 0 0 0 0 0.03 
0.05 0 0.81 0 0 0.14 0 0 0 0 
0 0.96 0 0 0 0 0 0 0.04 0 
0 0 0 0.06 0 0 0.02 0.92 0 0 
0.81 0 0 0 0 0 0 0.19 0 0 
0 0.01 0 0.8 0.01 0 0 0 0 0.18 
0 0 0 0 0 0 0 1 0 0 
0 0 0 0 0 0.99 0.01 0 0 0 
0.11 0 0 0 0.89 0 0 0 0 0 
0.03 0 0 0 0 0 0.02 0.93 0 0.02 
0.04 0.02 0.05 0 0 0 0 0 0 0.89 
0 0.02 0 0.98 0 0 0 0 0 0 
0 0 0.02 0 0 0 0.97 0.01 0 0 
0 0 0 0 0 0 0.1 0.9 0 0 
0.04 0 0 0 0.06 0 0.81 0.09 0 0 
0 0.03 0 0.97 0 0 0 0 0 0 
0.94 0 0 0 0 0 0.02 0.04 0 0 
0.01 0.83 0 0.05 0.1 0 0 0 0 0.01 
0.9 0 0.03 0.02 0 0 0 0.05 0 0 
0 0 0 0.03 0 0.97 0 0 0 0 
0 0 0.01 0 0 0.99 0 0 0 0 
0 0 0.03 0.03 0 0.93 0.01 0 0 0 
0 0.11 0 0.87 0 0.02 0 0 0 0 
0 0 0 0 0.06 0 0.88 0 0 0.06 
0 0 0 0 0 0 0 0 1 0 
0 0 0 0 0 0 1 0 0 0 
0.01 0.05 0.83 0 0.11 0 0 0 0 0 
0 0 0 0 0 0.01 0.99 0 0 0 
0 0 0 0 0 0 0.95 0 0 0.05 
0.96 0.01 0 0 0.03 0 0 0 0 0 
0.96 0 0 0.02 0 0 0 0.02 0 0 
0.01 0.12 0 0 0 0 0 0.87 0 0 
0 0 0.01 0.94 0 0 0.05 0 0 0 
0.85 0 0.01 0.01 0 0.11 0.02 0 0 0 
0 0 0.01 0 0 0 0 0 0.99 0 
0 0 0 0 0 0.03 0.93 0 0 0.04 
0 0 0 0.95 0 0.01 0 0.04 0 0 
0 0 0 0.04 0.12 0.84 0 0 0 0 
0 0 0.06 0.81 0.01 0 0 0.12 0 0 
0.03 0 0 0 0.92 0.05 0 0 0 0 
0 0 0 0 0.99 0 0 0.01 0 0 
0 0.99 0 0 0.01 0 0 0 0 0 
0 0 0 0.01 0 0.99 0 0 0 0 
0.9 0 0 0 0.06 0 0 0.04 0 0 
0.02 0 0.05 0 0.01 0 0.92 0 0 0 
0 0.84 0 0 0 0.04 0 0 0 0.12 
0 0.87 0.01 0 0 0 0.05 0 0.07 0 
0 0 0.02 0 0.04 0.94 0 0 0 0 
0 0 0.91 0 0 0 0.09 0 0 0 
0 0 0 0.01 0 0.02 0.9 0 0 0.07 
0 0.01 0 0 0 0 0.1 0.88 0.01 0 
0 0 0 0.99 0 0.01 0 0 0 0 
0 0.07 0.06 0.01 0.84 0 0.02 0 0 0 
0.05 0 0 0 0 0 0 0 0.95 0 
1 0 0 0 0 0 0 0 0 0 
0 0.04 0 0 0 0 0.9 0 0.06 0 
0 0 0 0.91 0 0 0.03 0 0 0.06 
0 0 0 0 0.07 0 0 0.85 0 0.08 
0 0 0 0.14 0 0.82 0 0 0.04 0 
0 0.04 0.08 0.04 0 0 0 0 0.84 0 
0 0 0.01 0 0.99 0 0 0 0 0 
0 0 0 0.96 0.01 0 0 0 0 0.03 
0 0 0 0 0 0.82 0 0.15 0.03 0 
0.05 0 0 0.82 0 0 0 0.02 0.11 0 
0.01 0 0 0 0.99 0 0 0 0 0 
0 0.98 0 0 0 0 0 0 0 0.02 
0.13 0 0 0 0 0 0 0.81 0.06 0 
0 0.09 0.01 0 0.9 0 0 0 0 0 
0 0 0.83 0.04 0 0.11 0 0.02 0 0 
0 0 0.08 0 0.89 0 0 0.03 0 0 
0 0 0 0.01 0 0 0 0.96 0 0.03 
0 0 0 0 0 0 1 0 0 0 
0 0.08 0 0 0 0 0 0 0.02 0.9 
0.03 0.01 0 0 0 0.11 0 0 0.85 0 
0 0 0.04 0 0 0 0 0.03 0.93 0 
0 0 0 0 0 0 0 0 0 1 
0 0 0 0 0.99 0.01 0 0 0 0 
0 0.92 0.01 0.07 0 0 0 0 0 0 
0 0 0 0 0.97 0 0 0 0.03 0 
0 0 0.85 0 0 0 0.1 0.02 0.03 0 
0 0.01 0 0.99 0 0 0 0 0 0 
0 0 0 0 0.06 0 0 0.94 0 0 
0 0 0 0.98 0 0.02 0 0 0 0 
0 0 0.01 0 0 0 0 0 0.1 0.89 
0 0 0 0.01 0 0.17 0 0 0 0.82 
0 0 0 0.93 0.01 0 0.04 0 0.02 0 
0 0 0 0.99 0 0 0 0 0 0.01 
0 0 0 0 0.92 0 0 0 0.08 0 
0 0 0 0.04 0 0 0 0 0.92 0.04 
0.02 0 0 0 0 0 0 0 0.95 0.03 
0 0 0.98 0 0.02 0 0 0 0 0 
0 0 0 0 0 0 0.93 0 0 0.07 
0 0 0 0 0 0.07 0 0.93 0 0 
0 0.95 0 0 0 0 0 0.03 0.02 0 
0 0.09 0 0 0 0 0.91 0 0 0 
0 0 0 0 0 0.98 0 0 0.02 0 
0 0.07 0 0 0.89 0 0.04 0 0 0 
0 0 0.95 0 0 0.05 0 0 0 0 
0 0 0 0.05 0 0.84 0 0.01 0.1 0 
0.07 0 0 0 0.02 0 0 0 0.91 0 
0 0.83 0 0 0.14 0.02 0 0 0.01 0 
0.02 0 0 0 0 0 0 0.98 0 0 
0.03 0 0 0.01 0 0 0 0 0 0.96 
0.16 0 0 0.8 0 0 0.04 0 0 0 
0 0.09 0 0 0.03 0 0 0 0.85 0.03 
0.02 0.02 0 0 0.1 0 0.06 0.8 0 0 
0.01 0 0.89 0 0 0 0 0.1 0 0 
0 0 0.06 0 0 0.03 0 0.91 0 0 
0 0.01 0 0 0.01 0.9 0 0 0 0.08 
0 0 0 0.01 0 0.05 0 0.93 0.01 0 
0 0 0 0 0.99 0.01 0 0 0 0 
0 0 0.01 0 0.98 0 0 0 0.01 0 
0.03 0 0.86 0 0 0.11 0 0 0 0 
0 0 0 0.98 0.02 0 0 0 0 0 
0 0 0 0.02 0 0 0.88 0 0 0.1 
0 0.01 0 0.06 0.02 0.86 0 0 0.05 0 
0.09 0 0.02 0.03 0 0 0.06 0.8 0 0 
0 0 0 0 0.92 0.03 0 0.05 0 0 
0 0 0.91 0 0.08 0 0.01 0 0 0 
0 0 0 0 0.03 0 0.15 0 0 0.82 
0 0.03 0 0.02 0 0 0 0 0.94 0.01 
0 0 0 0 0 0 0 0.98 0 0.02 
0.01 0.99 0 0 0 0 0 0 0 0 
0 0 0.03 0 0.07 0 0.04 0.85 0 0.01 
0 0 0.09 0.8 0 0 0 0.11 0 0 
0 0 0.82 0 0.03 0 0.15 0 0 0 
0 0.01 0 0 0 0 0 0.98 0.01 0 
0.92 0 0 0 0.04 0 0 0.04 0 0 
0 0.06 0 0.87 0 0 0 0.06 0 0.01 
0 0 0 0.83 0 0 0 0.17 0 0 
0.11 0 0 0 0.01 0 0.88 0 0 0 
0.02 0 0.85 0 0.13 0 0 0 0 0 
0 0 0 0 0 0 0.99 0 0 0.01 
0.02 0.03 0 0.86 0 0.02 0 0 0.07 0 
0 0.81 0.1 0.01 0 0 0 0 0 0.08 
0.07 0 0 0 0.03 0.89 0 0 0 0.01 
0 0 0 0 0 0 0 0 1 0 
0 0 0 0 0 1 0 0 0 0 
0 0 0.95 0 0 0.04 0 0 0.01 0 
0 0 0 0 0.02 0 0 0.96 0 0.02 
0 0 0.08 0 0 0.82 0 0 0.1 0 
0 0 0 0.09 0 0.86 0 0 0.05 0 
0.86 0 0 0 0 0.12 0.02 0 0 0 
0 0 1 0 0 0 0 0 0 0 
0 0 0.98 0 0 0.01 0.01 0 0 0 
0.07 0.01 0 0 0.85 0 0 0 0 0.07 
0 0.8 0 0.05 0.1 0 0 0 0 0.05 
0 0.96 0 0 0 0 0 0.03 0.01 0 
0 0 0 0 1 0 0 0 0 0 
0 0 0 0 0.01 0.99 0 0 0 0 
0.04 0.96 0 0 0 0 0 0 0 0 
0 0 0.04 0 0 0.96 0 0 0 0 
0 0 0 0.08 0 0 0 0.04 0.05 0.83 
0.05 0.05 0 0 0 0 0 0.01 0.89 0 
0 0 0 0 0.04 0.09 0 0 0.87 0 
0 0.04 0 0 0.12 0 0 0 0 0.84 
0.01 0 0 0 0.01 0 0.98 0 0 0 
0.98 0 0 0 0 0 0 0.02 0 0 
0 0 0 0 0 0.08 0.92 0 0 0 
0.01 0 0 0 0 0.99 0 0 0 0 
0 0 0.01 0 0 0 0 0 0 0.99 
0 0 0 0 0.02 0 0.01 0 0.97 0 
0 0 0 0.08 0 0.03 0.87 0 0 0.02 
0 0 0 0 0.13 0 0 0 0 0.87 
0.01 0.91 0 0 0 0.08 0 0 0 0 
0.03 0 0.02 0 0.9 0 0 0.04 0 0.01 
0.06 0.03 0 0 0 0.91 0 0 0 0 
0 0 0.04 0 0 0.93 0.02 0.01 0 0 
0.02 0.05 0 0 0 0 0 0.91 0.02 0 
0 0 0 0 0 0 0.06 0 0.92 0.02 
0 0 0 0.06 0 0.08 0 0 0.86 0 
0 0 0 0.03 0 0 0 0 0.94 0.03 
0 0 0.91 0.01 0.01 0 0 0 0.07 0 
0.02 0 0 0 0 0 0 0.01 0.95 0.02 
0 0.05 0 0 0 0.95 0 0 0 0 
0 0.03 0.01 0 0 0 0.01 0 0.95 0 
0 0.02 0 0 0.89 0.02 0 0 0.05 0.02 
0.04 0 0 0 0.01 0 0 0 0 0.95 
0 0.07 0.05 0 0 0.05 0.02 0.81 0 0 
0.01 0 0.97 0 0 0.02 0 0 0 0 
0.98 0 0 0 0 0.02 0 0 0 0 
0.18 0 0 0 0.82 0 0 0 0 0 
0.87 0.03 0.08 0 0.02 0 0 0 0 0 
0 0 0 0 0 0 0 1 0 0 
0 0 0 0 0.01 0 0.1 0 0.05 0.84 
0.02 0 0 0.02 0 0.01 0.95 0 0 0 
0 0.01 0.05 0 0 0.81 0.04 0.09 0 0 
0 0 0.91 0 0 0.08 0 0 0.01 0 
0 0.93 0 0.07 0 0 0 0 0 0 
0 0.87 0 0 0 0.11 0.01 0.01 0 0 
0 0 0.03 0 0.96 0 0 0 0.01 0 
0 0 0.8 0 0 0 0.07 0 0.04 0.09 
0 0 0.04 0 0 0.8 0.16 0 0 0 
0.02 0.03 0.87 0 0 0 0 0.08 0 0 
0 0 0 0 0 0 0 0 1 0 
0 0 0.08 0 0 0 0.02 0 0.9 0 
0.02 0 0.05 0 0 0 0 0 0 0.93 
0.01 0.01 0 0 0.98 0 0 0 0 0 
0 0 0.1 0 0.02 0 0 0.04 0 0.84 
0.11 0 0.86 0.01 0 0 0.02 0 0 0 
0 0.01 0 0 0 0.05 0 0.92 0.02 0 
0 0 0.98 0 0 0 0 0.01 0 0.01 
0.02 0 0 0.02 0 0.02 0.94 0 0 0 
0 0 0 0.01 0.8 0 0 0.02 0 0.17 
0 0 0 0.01 0.17 0 0 0 0 0.82 
0 0 0 0 0 0 0 0 1 0 
0 0.87 0 0.02 0 0 0.02 0 0 0.09 
0 0 0.05 0 0 0 0 0.01 0 0.94 
0 0 0 0 0.95 0.05 0 0 0 0 
0 0 0 0 0 0.08 0 0.89 0 0.03 
0.02 0 0.9 0 0 0.08 0 0 0 0 
0 0.01 0.03 0.02 0.91 0 0.03 0 0 0 
0 0 0.02 0 0.96 0 0 0 0.02 0 
0 0.02 0 0.94 0 0 0.04 0 0 0 
0 0 0 0.95 0 0 0 0.02 0 0.03 
0 0 0 0.85 0 0 0.1 0.02 0 0.03 
0 0.06 0.1 0 0.04 0.8 0 0 0 0 
0 0.03 0.02 0 0 0 0.14 0 0 0.81 
0 0 0 0 0.83 0.17 0 0 0 0 
0 0 0 0 0.02 0.98 0 0 0 0 
0 0 0.01 0.84 0 0 0 0 0.15 0 
0 0 0 0 0 0 0 0 0.02 0.98 
0 0 0 0.1 0 0 0 0.02 0 0.88 
0 0 0.91 0 0 0.09 0 0 0 0 
0 0 0.03 0 0 0 0 0.02 0 0.95 
0.2 0 0.8 0 0 0 0 0 0 0 
0 0.05 0.91 0 0.04 0 0 0 0 0 
0 0 0 0 0 0 0.81 0 0.17 0.02 
0 0 0.99 0 0 0 0 0 0 0.01 
0 0.06 0 0 0 0 0 0 0.92 0.02 
0 0 0.01 0.98 0 0 0.01 0 0 0 
0 0 0.93 0 0.07 0 0 0 0 0 
0 0 0.06 0 0.09 0 0.85 0 0 0 
0 0.01 0 0 0.01 0 0 0 0.98 0 
0.8 0 0.06 0 0 0 0 0.08 0 0.06 
0.92 0.01 0 0 0 0.07 0 0 0 0 
0 0.02 0.11 0 0 0 0 0.87 0 0 
0 0 0.8 0 0 0 0 0 0.03 0.17 
0 0 0 0 0.06 0.01 0.02 0 0 0.91 
0 0 0.84 0.15 0 0.01 0 0 0 0 
0 0.92 0 0 0 0 0.01 0 0 0.07 
0.98 0 0 0 0 0.02 0 0 0 0 
0 0.92 0 0 0.01 0 0 0 0.07 0 
0 0 0 0.92 0.08 0 0 0 0 0 
0.84 0 0 0 0.01 0.1 0.05 0 0 0 
0 0 0 0.01 0 0.99 0 0 0 0 
0 0 0 0 0 0 0.05 0 0.95 0 
0 0.96 0.04 0 0 0 0 0 0 0 
0 0 0.08 0 0.87 0 0 0 0 0.05 
0 0 0 0 0 0 0 0 1 0 
0 0 0.09 0.81 0.01 0 0 0 0.09 0 
0.01 0.05 0.04 0.01 0 0 0 0.89 0 0 
0 0 0.03 0 0.96 0 0 0.01 0 0 
0.01 0 0 0 0.02 0 0 0.97 0 0 
0.82 0.03 0 0 0 0 0 0.1 0 0.05 
0 0 0 0.02 0 0 0 0 0.98 0 
0.04 0.94 0 0 0 0.02 0 0 0 0 
0 0.86 0.01 0 0.09 0 0.04 0 0 0 
0 0 0 0 0 0 0.05 0.04 0.88 0.03 
0 0.03 0.08 0.01 0.82 0 0.06 0 0 0 
0 0 0 0 0 0 0.03 0 0.16 0.81 
0 0 0.01 0.01 0 0 0 0.02 0 0.96 
0 0 0.99 0 0 0 0 0 0 0.01 
0 0.02 0 0 0.1 0.01 0 0.87 0 0 
0 0.07 0 0 0.83 0 0.02 0.08 0 0 
0.03 0.01 0 0 0 0 0 0.94 0 0.02 
0 0.11 0 0 0.89 0 0 0 0 0 
0.97 0 0.03 0 0 0 0 0 0 0 
0 0 0.08 0 0 0 0.01 0.01 0.9 0 
0 0 0 0 0.09 0.91 0 0 0 0 
0.05 0 0.09 0.86 0 0 0 0 0 0 
0 0 0 0 0 0.84 0.16 0 0 0 
0 0 0 0 0 0 0 1 0 0 
0 0 0 0.05 0 0 0.95 0 0 0 
0 0 0 0 0.91 0 0 0.07 0 0.02 
0 0 0 0 0.84 0.16 0 0 0 0 
0 0 0 0 0 0 0 0.08 0 0.92 
0.02 0 0 0 0.81 0 0.17 0 0 0 
0 0 0.88 0.12 0 0 0 0 0 0 
0 0.08 0 0 0.02 0 0.87 0.03 0 0 
0.97 0 0 0 0 0 0.03 0 0 0 
0 0.05 0 0 0.95 0 0 0 0 0 
0.08 0 0 0 0.9 0 0 0.02 0 0 
0.08 0 0 0 0 0.01 0 0.9 0 0.01 
0 0 0.8 0.02 0.16 0 0.02 0 0 0 
0 0 0.02 0 0.8 0 0.17 0 0 0.01 
0 0.88 0 0 0 0.05 0.06 0 0.01 0 
0.03 0 0.07 0.87 0 0 0 0.03 0 0 
0 0 0 0.99 0 0.01 0 0 0 0 
0 0.07 0 0 0.92 0 0 0.01 0 0 
0 0 0.02 0.03 0 0 0 0 0.8 0.15 
0.95 0.04 0.01 0 0 0 0 0 0 0 
0 0 0.81 0.02 0.04 0 0 0 0.13 0 
0 0 0.02 0.11 0.84 0 0 0.03 0 0 
0 0.07 0.07 0 0 0.86 0 0 0 0 
0 0 0.89 0.05 0 0.02 0.04 0 0 0 
0 0 0.01 0 0.88 0 0.1 0 0 0.01 
0.92 0 0 0 0.01 0.02 0.05 0 0 0 
0.01 0.99 0 0 0 0 0 0 0 0 
0 0 0 0 0 0.07 0 0.04 0 0.89 
0 0 0 0 0 0 0.87 0.05 0 0.08 
0 0 0.01 0.92 0.02 0 0.01 0.04 0 0 
0 0 0.84 0.03 0 0.02 0.11 0 0 0 
0.95 0 0.05 0 0 0 0 0 0 0 
0.92 0 0.01 0 0 0 0 0.01 0.05 0.01 
0.84 0.15 0 0 0 0 0 0.01 0 0 
0 0 0 0 0.99 0 0 0 0 0.01 
0 0 0 1 0 0 0 0 0 0 
0 0.98 0 0 0.01 0.01 0 0 0 0 
0 0.07 0 0 0 0 0 0.91 0 0.02 
0 0 0.82 0 0 0.05 0.02 0 0 0.11 
0 0 0 0.05 0.08 0.02 0 0 0.85 0 
0 0 0.04 0 0 0 0 0 0.94 0.02 
0 0.08 0 0.09 0 0 0.83 0 0 0 
0 0.02 0 0.01 0 0 0.97 0 0 0 
0.98 0 0 0 0 0 0 0.02 0 0 
0 0 0.02 0 0 0.91 0.07 0 0 0 
0 0.87 0 0 0 0 0 0 0 0.13 
0 0 0 0 0 0 0.84 0 0 0.16 
0.96 0 0 0 0 0.01 0 0 0.03 0 
0.04 0 0 0 0 0.03 0 0.01 0.92 0 
0 0 0.02 0.02 0 0 0.05 0.9 0.01 0 
0 0 0 0 0 0.89 0 0.1 0 0.01 
0 0.03 0 0 0 0.97 0 0 0 0 
0 0 0 0 0 0.19 0.81 0 0 0 
0.01 0 0 0.05 0 0 0 0.04 0 0.9 
0 0 0 0 0 0.99 0.01 0 0 0 
0 0 0 0 0.05 0 0 0 0.93 0.02 
0 0.01 0 0 0.01 0.89 0.07 0 0 0.02 
0 0.92 0 0.01 0 0 0 0.02 0.05 0 
0 0 0 0 0 0 0 0.88 0.12 0 
0 0.94 0 0.02 0 0.01 0 0 0.03 0 
0 0 0 0 0.07 0 0 0.84 0 0.09 
0.04 0 0 0 0.95 0 0 0 0.01 0 
0 0 0 0 0 0 0 0.01 0.99 0 
0 0 0 0 0.11 0 0 0 0.89 0 
0 0.03 0.91 0 0.01 0 0 0 0 0.05 
0 0 0 1 0 0 0 0 0 0 
0 0.85 0 0 0 0.15 0 0 0 0 
0 0 0 0 0 0.11 0.89 0 0 0 
